z	CT5	CA5	CG5	GA5	GT5	GC5	AT5	AC5	AG5	TA5	TC5	TG5
0	0.0556	0.0556	0	0	0.069	0	0.0448	0	0.0299	0.078	0.0062	0.0021
1	0	0.0377	0	0	0	0.0066	0.0079	0	0.0238	0.0089	0	0
2	0.0074	0.037	0	0	0.0187	0.0031	0	0	0.0133	0.0286	0	0.0143
3	0	0.08	0	0	0	0.0211	0.0139	0	0.0105	0.0455	0	0
4	0	0.0606	0.0152	0	0	0	0.0121	0	0.0445	0.0139	0.0069	0.0069
5	0	0	0	0.008	0	0	0	0	0	0.0493	0.0055	0.0082
6	0.0236	0.0394	0.0079	0.0031	0.0094	0.0094	0.0111	0	0.0111	0.0156	0	0
7	0.0147	0.0074	0.0074	0	0	0	0	0.0106	0	0.0425	0.0033	0.0294
8	0.1275	0.0098	0	0	0	0.0161	0	0.0029	0.0087	0.0215	0.0323	0
9	0.075	0.025	0	0.0116	0	0	0.0146	0.0087	0.0233	0.0238	0	0
10	0.1525	0	0.0169	0	0	0	0.0155	0.0078	0	0.0296	0.0059	0.0059
11	0.0458	0.0261	0	0	0.0074	0	0	0	0.0154	0.009	0.018	0.009
12	0.0741	0.0278	0	0	0	0	0.003	0.0091	0.0061	0.0108	0.0108	0
13	0.069	0.0345	0	0	0	0.0213	0.008	0	0.0349	0	0	0
14	0.1324	0	0	0.0059	0	0.0147	0.0148	0.0074	0	0	0	0
15	0.1053	0.0376	0	0	0	0.0303	0.0073	0	0.0073	0.0307	0.0034	0.0068
16	0.2043	0.0215	0	0	0.0375	0	0.0029	0	0.0086	0	0.0132	0.0132
17	0.04	0.04	0	0	0.0089	0	0.0137	0	0.0411	0.0357	0.0027	0.0027
18	0.0808	0.0303	0	0.0033	0.0066	0.0066	0	0	0	0.02	0	0.0133
19	0.075	0.025	0	0.0263	0.0351	0.0088	0.0286	0	0	0.0424	0.0106	0.008
20	0.0909	0.0909	0	0	0.0114	0.0076	0.0091	0	0	0.034	0	0.0068
21	0.625	0	0	0.0102	0.0612	0.0204	0.1875	0	0	0.0571	0.033	0.012
22	0	0.25	0	0.4545	0.1818	0.1818	0.3125	0	0	0.1778	0	0.0222
23	0	0	0	0	1.0	0	0	0	0	0.5	0	0
24	0	0	0	0	0	0	0	0	0	0	0	0
